4 0.215 0.8131720430107527 0.126 0.3521505376344086
4 0.35100000000000003 0.6881720430107527 0.09 0.13978494623655915
4 0.41300000000000003 0.8239247311827957 0.17400000000000002 0.3521505376344086
4 0.453 0.6653225806451614 0.046 0.07795698924731183
4 0.514 0.7634408602150539 0.108 0.25806451612903225
4 0.578 0.5967741935483871 0.048 0.11827956989247312
4 0.5650000000000001 0.7110215053763441 0.098 0.30376344086021506
4 0.632 0.6948924731182796 0.06 0.28763440860215056
4 0.7030000000000001 0.6948924731182796 0.094 0.27688172043010756
4 0.986 0.4771505376344086 0.028 0.08333333333333334
4 0.805 0.5846774193548387 0.046 0.051075268817204304
4 0.768 0.6330645161290324 0.07200000000000001 0.1532258064516129
4 0.838 0.6276881720430108 0.06 0.12096774193548387
4 0.9540000000000001 0.5618279569892474 0.06 0.08064516129032259
4 0.962 0.6088709677419355 0.076 0.12634408602150538
4 0.9390000000000001 0.6236559139784946 0.106 0.12365591397849464
2 0.865 0.5443548387096775 0.27 0.10483870967741936
