4 0.188 0.832 0.16 0.33599999999999997
4 0.309 0.78 0.14200000000000002 0.42933333333333334
4 0.47700000000000004 0.7773333333333333 0.166 0.4453333333333333
4 0.584 0.816 0.136 0.368
4 0.719 0.7919999999999999 0.226 0.416
4 0.229 0.532 0.14200000000000002 0.34933333333333333
4 0.366 0.496 0.124 0.2826666666666667
4 0.467 0.5026666666666666 0.094 0.27999999999999997
4 0.561 0.5013333333333333 0.094 0.26666666666666666
4 0.644 0.49866666666666665 0.116 0.288
4 0.728 0.5226666666666666 0.12 0.3466666666666667
