4 0.754 0.5506666666666666 0.132 0.38666666666666666
4 0.629 0.5546666666666666 0.106 0.3733333333333333
4 0.41300000000000003 0.5599999999999999 0.098 0.416
4 0.9530000000000001 0.45599999999999996 0.094 0.32
4 0.503 0.5439999999999999 0.10200000000000001 0.42666666666666664
4 0.068 0.5026666666666666 0.08 0.2693333333333333
4 0.221 0.5053333333333333 0.074 0.264
4 0.8 0.5093333333333333 0.056 0.35733333333333334
4 0.864 0.5093333333333333 0.07200000000000001 0.304
4 0.34700000000000003 0.5439999999999999 0.094 0.384
